Unnamed: 0,aa_seq,aa_len,AMP
>Sequence_1|1,TPETLFEIGSVSKTFTAT,18,True
>Sequence_2|1,HPGNTILHVDTIYNRPSNTT,20,True
>Sequence_3|1,YWAGIEFDVTHKGMALLHRL,20,True
>Sequence_4|1,EQGLLYMPQELAVSD,15,True
>Sequence_5|1,GARGFFQARHLEMDA,15,True
>Sequence_6|1,GMLQGRGPLKLFMAL,15,True
>Sequence_7|1,SDPNHYKGDFTYLSV,15,True
>Sequence_8|1,LQTLALWSRMD,11,True
>Sequence_9|1,YEIFRFLPKDIQVAL,15,True
>Sequence_10|1,GAGAALQIPFAMQMAYRFN,19,True
>Sequence_11|1,NDPKCCDFVTNRAYAIASSV,20,True
>Sequence_12|1,AIVNAMSQPDAQRYV,15,True
>Sequence_13|1,LAAVSVDCSEYPKP,14,True
>Sequence_14|1,FFVTTTGQTVE,11,True
>Sequence_15|1,AQRVASTVYQNCEHA,15,True
>Sequence_16|1,IDTMTIDPQVEKKMG,15,True
>Sequence_17|1,FARRPPLAELAALNLSGSRL,20,True
>Sequence_18|1,AGNSTPMALQPHRIARLP,18,True
>Sequence_19|1,RTFVLRVRAQDPPPE,15,True
>Sequence_20|1,PARMQYEKITAHSMEQLK,18,True
>Sequence_21|1,FSLGAAVKAGACMLDGGNML,20,True
>Sequence_22|1,LAMNYDKKKLLTHQGESI,18,True
>Sequence_23|1,LVTWKGDEKTRNPTP,15,True
>Sequence_24|1,YTIVAKLMTRHAFCL,15,True
>Sequence_25|1,GYLGLLSQRTRDIYISRRLL,20,True
>Sequence_26|1,ASQKRPSQRSK,11,True
>Sequence_27|1,RSAIEDILFSKVV,13,True
>Sequence_28|1,GDTPAIIRQPGGFTIIDADN,20,True
>Sequence_29|1,LTGYAFMKMLLGALG,15,True
>Sequence_30|1,LNEVAKNLNESLIDLQELGK,20,True
>Sequence_31|1,FFYPSVGLSAIISEM,15,True
>Sequence_32|1,FAEYKSDYVYQPFPK,15,True
>Sequence_33|1,GQTREHALLAYMLGV,15,True
>Sequence_34|1,CKIPFEIMDLEKRHV,15,True
>Sequence_35|1,IPGGRMYADDTAGWD,15,True
>Sequence_36|1,FLFCNINNVCNFASRNDYSY,20,True
>Sequence_37|1,KGKGSVKKNLPFVMALGLTA,20,True
>Sequence_38|1,TTFHQTLQDPRVRGL,15,True
>Sequence_39|1,TNGTKRFDNPVLPFNDGVY,19,True
>Sequence_40|1,FLENAHEHHGVYNQG,15,True
>Sequence_41|1,PAIPKEFRYYPNVVA,15,True
>Sequence_42|1,LARISGLKFVPVCQILNK,18,True
>Sequence_43|1,GSQRLYSNPSIGLFGYLA,18,True
>Sequence_44|1,KRHRKVLRDNIQGITKPAIRRLAR,24,True
>Sequence_45|1,VTLRIRNVRFSDEGGF,16,True
>Sequence_46|1,VEENHPFTLRAPIQR,15,True
>Sequence_47|1,DFSYFVSGNFSYLKN,15,True
>Sequence_48|1,LSAMSTTDLEAYFKDCLFKDWEELG,25,True
>Sequence_49|1,FAWPGASSWALDGRNSLMNP,20,True
>Sequence_50|1,SSEPEWTPEPWSSSS,15,True
>Sequence_51|1,HVRALGQKYFGSLPSSQQQTV,21,True
>Sequence_52|1,ITGEYVQILDAHAAY,15,True
>Sequence_53|1,AVEALNRFIQKYDSVLRD,18,True
>Sequence_54|1,EQPFIPVEVLVDLFL,15,True
>Sequence_55|1,DLEKRHVLGRLITVN,15,True
>Sequence_56|1,AALALLLLDRLNQLESKMS,19,True
>Sequence_57|1,LMEQQVFPALGLEQTHLD,18,True
>Sequence_58|1,FSFTNLAEIGRTGELLKLPQ,20,True
>Sequence_59|1,AAVPGKNVVNVQTKP,15,True
>Sequence_60|1,VIDEAPSLPPHLLLL,15,True
>Sequence_61|1,VIGMDVAASEFFRSG,15,True
>Sequence_62|1,TFSLAMHLQYKIHEA,15,True
>Sequence_63|1,DSPEYALLSNLDTFSGKL,18,True
>Sequence_64|1,TESNKKFLPFQQFGRDIAD,19,True
>Sequence_65|1,AGPWHLGKLEMDFDF,15,True
>Sequence_66|1,LIGFRKEIGRML,12,True
>Sequence_67|1,AHHPIWARMDA,11,True
>Sequence_68|1,LKGSGSSVYRGNPYYVTLTD,20,True
>Sequence_69|1,AATGIGLEYVKQLLE,15,True
>Sequence_70|1,ALQLLHGGGYSKNGA,15,True
>Sequence_71|1,GNPYYVTLTDSNGKVLASQK,20,True
>Sequence_72|1,FHMWNYHSHVFSVGD,15,True
>Sequence_73|1,AARLCCQLDPARDVLCLRPVGAESR,25,True
>Sequence_74|1,ECTGLAWEWWRTVYEKTD,18,True
>Sequence_75|1,RGPVNYHFSNYMNLD,15,True
>Sequence_76|1,DDFHIDEDKLDTNSV,15,True
>Sequence_77|1,GALRPGISFHPKLRPILLPN,20,True
>Sequence_78|1,PPAYTNSFTRGVYYPDKVF,19,True
>Sequence_79|1,LFRAAQLANDVVLQIM,16,True
>Sequence_80|1,TVDHFVNAIEERGFP,15,True
>Sequence_81|1,ARQRPGLCQVFADATPTGWGLAIGH,25,True
>Sequence_82|1,HPEGLLGLFPPFSPG,15,True
>Sequence_83|1,LVFLRNAKIELKPNQ,15,True
>Sequence_84|1,HTLWKAGILYK,11,True
>Sequence_85|1,GLIYNRMGAVTTE,13,True
>Sequence_86|1,AYKEQIKTLTNKLKA,15,True
>Sequence_87|1,QPQPFRPQQPYPQPQPQYSQ,20,True
>Sequence_88|1,AEFPYRYTLVAELKN,15,True
>Sequence_89|1,SLQKRGIVEELVARSE,16,True
>Sequence_90|1,DLYILMSHTSGSAA,14,True
>Sequence_91|1,PDHPFMTDEEYIINR,15,True
>Sequence_92|1,VQNILDEVVSFGERI,15,True
>Sequence_93|1,KIVTNILIYNGWYAD,15,True
>Sequence_94|1,FRYPRPKHCHTQVA,14,True
>Sequence_95|1,PYHFKYHEKHFANAI,15,True
>Sequence_96|1,RGYISTRVEMGEAAAIFMTA,20,True
>Sequence_97|1,QRQYGDVFKGDLNPK,15,True
>Sequence_98|1,RYFILPDSLPLDTLL,15,True
>Sequence_99|1,LRDYLLQNNALKASFI,16,True
>Sequence_100|1,DGWFNFVSTNFSNSLLIKNP,20,True
>Sequence_101|1,AIFQPSLPGEFRYYP,15,True
>Sequence_102|1,FMLQILDFYTKVYE,14,True
>Sequence_103|1,SQIFRRVFSLIPVI,14,True
>Sequence_104|1,LRWRCNRKMITGPLQYS,17,True
>Sequence_105|1,DPAQPPRDLTEAFLAEMEKAKGN,23,True
>Sequence_106|1,EVLSKLFQIPLELYL,15,True
>Sequence_107|1,RVSSFIRGTRVLPRGKL,17,True
>Sequence_108|1,DKCLKFYSKISEYRHYCYSLYGTTL,25,True
>Sequence_109|1,VLRIVNEPTAAALAY,15,True
>Sequence_110|1,MRNSILLAATVLLGCTSAKVH,21,True
>Sequence_111|1,QSHIMAMILSVQAAFP,16,True
>Sequence_112|1,PINLVRDLPQGFSALEPLV,19,True
>Sequence_113|1,EKVKRKKNVLRLCCK,15,True
>Sequence_114|1,FLAIGFIYALKRNALSWQK,19,True
>Sequence_115|1,DDIACMIGYRPCPWM,15,True
>Sequence_116|1,DAVIAIGVLCRGATP,15,True
>Sequence_117|1,AFTFTKIPAETLHGTVTVEV,20,True
>Sequence_118|1,KAALTRTASNMNAAA,15,True
>Sequence_119|1,LIRVENWIFRNPGFALAAAA,20,True
>Sequence_120|1,SYGWNIVRLKSGVDVFHMAA,20,True
>Sequence_121|1,QEGVFHTMWHVTKGSALR,18,True
>Sequence_122|1,MGIPYCNYSKYWYLNHTTTGRTS,23,True
>Sequence_123|1,TFSGKLSIKDFLSGSPKQ,18,True
>Sequence_124|1,CVADYSVLYNSASFSTFKC,19,True
>Sequence_125|1,ADIRLTSIKSTTLRVDQSIL,20,True
>Sequence_126|1,KISLPVILMDETLKFVARNY,20,True
>Sequence_127|1,AATSHPKPTTGHIKP,15,True
>Sequence_128|1,PSPRRRRSQSPRRRR,15,True
>Sequence_129|1,RKGMGTNLSVPNPLGFFP,18,True
>Sequence_130|1,RKTFVELMKRGDLPV,15,True
>Sequence_131|1,ELERQMKMENLFVTW,15,True
>Sequence_132|1,TLLAVLTAAPLLLAA,15,True
>Sequence_133|1,ADLLRFVDANLHPERLDR,18,True
>Sequence_134|1,KAALSSLAKHGEYAPFARLL,20,True
>Sequence_135|1,VHNLIGMLQTIADGK,15,True
>Sequence_136|1,PRRARSVASQSIIAYTMSL,19,True
>Sequence_137|1,PKASATPATDPARGR,15,True
>Sequence_138|1,KEEDWICCACQKTRTSRRAKPPQ,23,True
>Sequence_139|1,PVLPSTSTHYTLLFT,15,True
>Sequence_140|1,PAHLLKYDTTQGRFD,15,True
>Sequence_141|1,IAARASRLTATVELA,15,True
>Sequence_142|1,ASDYKSAHKGFKGVDAQGT,19,True
>Sequence_143|1,LHDGGTTLKFVDTPE,15,True
>Sequence_144|1,MIAATYNFAVLKLMGRGTKF,20,True
>Sequence_145|1,IQHICLKHTTCFQDV,15,True
>Sequence_146|1,MTSLQDFKIVPIDPTKNIMG,20,True
>Sequence_147|1,TANPVITESTENSKMMLEL,19,True
>Sequence_148|1,IPLPDVRNNFYHYNQ,15,True
>Sequence_149|1,EYKLVVVGAAGVGKSALTI,19,True
>Sequence_150|1,AARVTQILSSLTITQLLKRLHQWI,24,True
>Sequence_151|1,NQNAQALNTLVKQLSSNFG,19,True
>Sequence_152|1,CSLYQLENSVPHFSDE,16,True
>Sequence_153|1,RNGVYGINTLNNMGTLYARH,20,True
>Sequence_154|1,YLYQLSPPITWPL,13,True
>Sequence_155|1,SSTNNLAPNTNTGND,15,True
>Sequence_156|1,TVMAQDKPTVDIELVTTTV,19,True
>Sequence_157|1,AALAQYAQGYGKDDRPLR,18,True
>Sequence_158|1,LEGHTGFVSCVSLAH,15,True
>Sequence_159|1,ALESPEHCSPHHTAL,15,True
>Sequence_160|1,SSYLAVHGPPGTGKT,15,True
>Sequence_161|1,QRAAAIARQKAEIAA,15,True
>Sequence_162|1,PVGTAWAHVPGLQAC,15,True
>Sequence_163|1,AARVTGGRRVVIDEA,15,True
>Sequence_164|1,NVTWFHAIHVSGTNG,15,True
>Sequence_165|1,SPRWYFYYLGTGPEAGLPY,19,True
>Sequence_166|1,HLSLRGLPVCAFSSAGPCALRFTSA,25,True
>Sequence_167|1,GKGVMLAISQGRVQT,15,True
>Sequence_168|1,GIPAIYLESTKNILP,15,True
>Sequence_169|1,RKLHLYSHPIILGFRKIPMGVGLSP,25,True
>Sequence_170|1,GIITGTLRITNPVRA,15,True
>Sequence_171|1,ADVVTMTSYAPLLAK,15,True
>Sequence_172|0,IVIPVSPLKYSSGATTAI,18,False
>Sequence_173|0,GITGLIDDIIAILPV,15,False
>Sequence_174|0,KTLNTRLKEAEARAE,15,False
>Sequence_175|0,DNTRAFNVSIETPVL,15,False
>Sequence_176|0,TGKLADQASKANLMF,15,False
>Sequence_177|0,LKFLALASVISATSA,15,False
>Sequence_178|0,SVASYVAMQAVMDASR,16,False
>Sequence_179|0,GLVPKLDAAYSVAYK,15,False
>Sequence_180|0,WTPPDVSAMIAPLLG,15,False
>Sequence_181|0,YASGKVWGQKYFKGN,15,False
>Sequence_182|0,ENKGKVFDSDVIIIT,15,False
>Sequence_183|0,TQAFWKAVTAEFLAMLIFVL,20,False
>Sequence_184|0,HTVTTTTKGENFTET,15,False
>Sequence_185|0,EVEKAKRDFPGQPDM,15,False
>Sequence_186|0,GVFTTNIWLKLREKQ,15,False
>Sequence_187|0,YMYVPPGAPKPTGRDAFQ,18,False
>Sequence_188|0,NLRTNNCATVIVPYINAV,18,False
>Sequence_189|0,EDYRFQEGDWPNLKP,15,False
>Sequence_190|0,LAEIETDKATIGFEVQ,16,False
>Sequence_191|0,LKLVLAGSSAVHVEL,15,False
>Sequence_192|0,DTMRVGRQLKDVRTM,15,False
>Sequence_193|0,LVGPFNFRFMSKGGM,15,False
>Sequence_194|0,TIDPPEKWSFAQACA,15,False
>Sequence_195|0,VGGAGFATDFEPVDH,15,False
>Sequence_196|0,HTPIIVREPEDLPQG,15,False
>Sequence_197|0,APTSWWHVTHRCPAD,15,False
>Sequence_198|0,AAWTCQQLMNK,11,False
>Sequence_199|0,REEEEVREEEEERKE,15,False
>Sequence_200|0,DGSTRGHKATVSTGD,15,False
>Sequence_201|0,NYDVPTKDIFYNNLT,15,False
>Sequence_202|0,AFVVQPQNGRCTTDG,15,False
>Sequence_203|0,KLDPEKLTAKLREYG,15,False
>Sequence_204|0,PDTTCSEIEEFRDRA,15,False
>Sequence_205|0,LTGLGLNAVAYYRGLDVSVI,20,False
>Sequence_206|0,NVATGGSTINFTNINYYK,18,False
>Sequence_207|0,KYSSGATTAIPITITIA,17,False
>Sequence_208|0,EDLQDFLALIPIDQI,15,False
>Sequence_209|0,LKPTRPDKTEGPLVI,15,False
>Sequence_210|0,EPAIGQKLVFTQAAK,15,False
>Sequence_211|0,AEAVVEAMDFHGEVT,15,False
>Sequence_212|0,KDIIGKLKPLNILNI,15,False
>Sequence_213|0,IVHYQFTAGVPGSGK,15,False
>Sequence_214|0,AVAKHFVALSTNTTKVKEFG,20,False
>Sequence_215|0,YQDPTIQPTGSY,12,False
>Sequence_216|0,RMLVVAGAKFKEALK,15,False
>Sequence_217|0,SSGGCCGSSSGGCCS,15,False
>Sequence_218|0,QWQTATNPSVFVKLTDPP,18,False
>Sequence_219|0,IPVNFTLRNQEQLLS,15,False
>Sequence_220|0,ANGEPPPGAPSTSGI,15,False
>Sequence_221|0,GVGSPYVSRLLGICL,15,False
>Sequence_222|0,FERLAITKGKVDPTD,15,False
>Sequence_223|0,YGKIIKRLEAKGFKL,15,False
>Sequence_224|0,ISPSRAACQLMERTQ,15,False
>Sequence_225|0,ARKAKYNLHATVRYQ,15,False
>Sequence_226|0,LREEEYKQQIKTLNT,15,False
>Sequence_227|0,TPSLASGLWRTLQVG,15,False
>Sequence_228|0,QPANRETAMLGTHVIWDF,18,False
>Sequence_229|0,EARFTLNQEAHYQFD,15,False
>Sequence_230|0,GDPVEDIIHDALGNTARR,18,False
>Sequence_231|0,GGSSYTVYIDKTR,13,False
>Sequence_232|0,AEVELRQHGSEEWEP,15,False
>Sequence_233|0,SMPFGKTPVLEIDGK,15,False
>Sequence_234|0,QVIPFLSEQQLQAQH,15,False
>Sequence_235|0,FRGDVTHIAGTHNYT,15,False
>Sequence_236|0,DVRTMPELKQALKNI,15,False
>Sequence_237|0,EDAFKKAYNAFKSLD,15,False
>Sequence_238|0,WPEYCPDTDATAVDKPTR,18,False
>Sequence_239|0,TLFRDGITGLY,11,False
>Sequence_240|0,KIEIDQDHQEEICEV,15,False
>Sequence_241|0,LATATAKLAEASQAA,15,False
>Sequence_242|0,PGLLREVGISDIIVN,15,False
>Sequence_243|0,QMCVTQYGKESQAYY,15,False
>Sequence_244|0,LECRTVLGNKTFRTT,15,False
>Sequence_245|0,ANTTPSSHRLETGRVPAL,18,False
>Sequence_246|0,GELELQFRRVKCKYP,15,False
>Sequence_247|0,KPKGKLWADDDRSVD,15,False
>Sequence_248|0,RRGTAAYPLLGSGIY,15,False
>Sequence_249|0,RKPPAPPPARTRRLL,15,False
>Sequence_250|0,PSIWSRIVNFGSGWG,15,False
>Sequence_251|0,TKPNEAPHPGFTTTFPG,17,False
>Sequence_252|0,KPTAAGPKDNGGACG,15,False
>Sequence_253|0,ERNGKYSIEEYLQDR,15,False
>Sequence_254|0,SEVTNLSPDIIQANS,15,False
>Sequence_255|0,NAINNGVRISGRGFC,15,False
>Sequence_256|0,FIFRANWTPRESMLLALA,18,False
>Sequence_257|0,SKDFQYTNEANIYKL,15,False
>Sequence_258|0,ILVDYSKNLVTEDVMRMLVD,20,False
>Sequence_259|0,AVAPTFPGEQLLFFR,15,False
>Sequence_260|0,DIIVNNFFLAGGEVG,15,False
>Sequence_261|0,LMNKSNEDLHK,11,False
>Sequence_262|0,AQCLGAIIGAGILYLVTPPS,20,False
>Sequence_263|0,AGEDVFTVSCRVLTR,15,False
>Sequence_264|0,PAQPALTITEDIART,15,False
>Sequence_265|0,TDGGTDTTGYATWDIDI,17,False
>Sequence_266|0,AFYQIWKRVQHYFNK,15,False
>Sequence_267|0,GSAPKLSTKTKFWRS,15,False
>Sequence_268|0,VFVCLLEYPRW,11,False
>Sequence_269|0,SCCCTKPSDGNCTCI,15,False
>Sequence_270|0,KTLPEMPVGVPEMPAGVDY,19,False
>Sequence_271|0,AADHAAPEDKYEAFV,15,False
>Sequence_272|0,EIPAPLGTPDFVGRI,15,False
>Sequence_273|0,YWFAPGAGAAPLSWS,15,False
>Sequence_274|0,YHYNQLNDPTIKLIA,15,False
>Sequence_275|0,HLARMYNGYAGGFEV,15,False
>Sequence_276|0,MATGKMLVAYSPPGSAQP,18,False
>Sequence_277|0,ITYKVGSPGLP,11,False
>Sequence_278|0,RDEDPRKLLFTTVPG,15,False
>Sequence_279|0,GIGLVLGFTKEKIGK,15,False
>Sequence_280|0,LFVTMWTDVGLCKKR,15,False
>Sequence_281|0,KGVPLYRHIADLAGV,15,False
>Sequence_282|0,SNLTTSQQDIVLADE,15,False
>Sequence_283|0,QPCNGVTMNDVKIEY,15,False
>Sequence_284|0,TPNMFMKDVFIFHKK,15,False
>Sequence_285|0,YAVHGRQLEALYRAL,15,False
>Sequence_286|0,GPLVISEDLNGLTFL,15,False
>Sequence_287|0,PLLVLQAGFFLLTRI,15,False
>Sequence_288|0,LTHPITKYIMACMSADLEVVT,21,False
>Sequence_289|0,QEVIDLGGEAIHSTE,15,False
>Sequence_290|0,FNIQYVNYWFAPGAA,15,False
>Sequence_291|0,SQPEFLEQKRAEL,13,False
>Sequence_292|0,FRWMRFSDLSTWEGD,15,False
>Sequence_293|0,VHMNDNVLHSAFEVG,15,False
>Sequence_294|0,DAGAKTVVDSKLTYV,15,False
>Sequence_295|0,VILFRLLGVILFGRL,15,False
>Sequence_296|0,VLTFDDSAQSMGAGP,15,False
>Sequence_297|0,RVLTRPSPDFDFIFL,15,False
>Sequence_298|0,LIPTDQVLAIAADYL,15,False
>Sequence_299|0,PKPTGRDAFQWQTATNPSV,19,False
>Sequence_300|0,YMRFNAEFTFVTTTDNGEA,19,False
>Sequence_301|0,SEASLNLKRAILAHF,15,False
>Sequence_302|0,GKAIPIEAIKGGRHLIFCHS,20,False
>Sequence_303|0,CLREILRELDEQLTS,15,False
>Sequence_304|0,TLVGQICRYYTQWSGSL,17,False
>Sequence_305|0,TQAAKAANPGAITVH,15,False
>Sequence_306|0,ACKDLGAYGLEILKL,15,False
>Sequence_307|0,AMVRSIEDAVLDLEA,15,False
>Sequence_308|0,NKICTSKGDSARVTV,15,False
>Sequence_309|0,PPTWSGRHAPGDRDN,15,False
>Sequence_310|0,DYDGITANMICAAVP,15,False
>Sequence_311|0,QIPAIDFEHAGLVPA,15,False
>Sequence_312|0,TTSSSSADATI,11,False
>Sequence_313|0,ARIAAARSLVHRAKE,15,False
>Sequence_314|0,MFARYMLERYSNDMP,15,False
>Sequence_315|0,EKNAPVLLALLGIWYINCFG,20,False
>Sequence_316|0,YNIACLYAGTENYASSKLSV,20,False
>Sequence_317|0,RIQLLEEDLERSEER,15,False
>Sequence_318|0,IHVRKTAHFEKKMGE,15,False
>Sequence_319|0,SYFDCELRLLI,11,False
>Sequence_320|0,DGNGTHQNEPQQWVL,15,False
>Sequence_321|0,LSNNGEIPFYGKAIPIEAIK,20,False
>Sequence_322|0,YSVKLGHPDTM,11,False
>Sequence_323|0,ALENLVILNAASLAGTHGLV,20,False
>Sequence_324|0,NFLQTNGLNAIEFLN,15,False
>Sequence_325|0,LCECYDAGCAWYELTPAETS,20,False
>Sequence_326|0,PEEANTAFSVPPLNQ,15,False
>Sequence_327|0,HDSGVGIYAPDAEAY,15,False
>Sequence_328|0,AVKENNSIKIQLYTH,15,False
>Sequence_329|0,HSGTEIVDLMCHATFTSRLL,20,False
>Sequence_330|0,SININLAKGKYNIACLYAGT,20,False
>Sequence_331|0,SHLIAASNCHSLELQ,15,False
>Sequence_332|0,PGHGISVGSLGRYKD,15,False
>Sequence_333|0,DRHILPRFTILVRLL,15,False
>Sequence_334|0,ALGVTGNTHILHYLR,15,False
>Sequence_335|0,FDESVPCRCRSFLKK,15,False
>Sequence_336|0,GICGIRSVTRLENLM,15,False
>Sequence_337|0,TIKKQSLTLTEIQAH,15,False
>Sequence_338|0,FKRALGARSKQPPPR,15,False
>Sequence_339|0,ESDCDWLVNASNPGH,15,False
>Sequence_340|0,QWFYDGYPTFGQHPETS,17,False
>Sequence_341|0,QLKLQTRVYMKLKHVRAW,18,False
>Sequence_342|0,FRFTPFKQAVKETCA,15,False
